{
  "oldParams": true,
  "wave_type": 0,
  "p_env_attack": 0.00374271605152575,
  "p_env_sustain": 0.3087171203237786,
  "p_env_punch": 0.5025713491693256,
  "p_env_decay": 0.8770783569006309,
  "p_base_freq": 0.4615303494641015,
  "p_freq_limit": 0,
  "p_freq_ramp": 0.010277036076146962,
  "p_freq_dramp": -0.0021379325253652916,
  "p_vib_strength": -0.9008237067654938,
  "p_vib_speed": 0.5300154311968288,
  "p_arp_mod": -0.9283569010075328,
  "p_arp_speed": 0.2727212953426785,
  "p_duty": 0.3931000025933078,
  "p_duty_ramp": -0.0062317405347643625,
  "p_repeat_speed": 0.8126001073619673,
  "p_pha_offset": -0.007837853145378066,
  "p_pha_ramp": -0.24398777468667585,
  "p_lpf_freq": 0.6669702440355926,
  "p_lpf_ramp": -0.013972508611719857,
  "p_lpf_resonance": -0.48801542929921893,
  "p_hpf_freq": 0.00003560636306202561,
  "p_hpf_ramp": 0.3192042127144412,
  "sound_vol": 0.25,
  "sample_rate": 44100,
  "sample_size": 8
}
