{
  "oldParams": true,
  "wave_type": 3,
  "p_env_attack": -0.1990940699108254,
  "p_env_sustain": 0.32464871380298854,
  "p_env_punch": 0.2573601022796747,
  "p_env_decay": 0.31333018139085544,
  "p_base_freq": 0.07409401435359192,
  "p_freq_limit": 0,
  "p_freq_ramp": -0.030456325001720314,
  "p_freq_dramp": -0.004060157821709206,
  "p_vib_strength": 0.00001437199805204279,
  "p_vib_speed": 0.9002544710927682,
  "p_arp_mod": 0.4573760665885487,
  "p_arp_speed": 0.9988144446140823,
  "p_duty": 0.7547825453365913,
  "p_duty_ramp": 0.01672582331766528,
  "p_repeat_speed": -0.9898323017870274,
  "p_pha_offset": 0.9769780131974775,
  "p_pha_ramp": 0.0047928270277984575,
  "p_lpf_freq": 0.5759165809375222,
  "p_lpf_ramp": 0.8362434915168079,
  "p_lpf_resonance": -0.22290474908732683,
  "p_hpf_freq": 0.5716085885522187,
  "p_hpf_ramp": -0.00010164144286461634,
  "sound_vol": 0.25,
  "sample_rate": 44100,
  "sample_size": 8
}
