{
  "oldParams": true,
  "wave_type": 1,
  "p_env_attack": 0.001963079264229497,
  "p_env_sustain": 0.38988292048558615,
  "p_env_punch": 0.031870446442697924,
  "p_env_decay": 0.28912581142348664,
  "p_base_freq": 0.7378403210523962,
  "p_freq_limit": 0,
  "p_freq_ramp": -0.00013955971945299803,
  "p_freq_dramp": -0.002087174759017292,
  "p_vib_strength": 0.712504486457725,
  "p_vib_speed": -0.3488114059705445,
  "p_arp_mod": 0.6195481826754499,
  "p_arp_speed": 0.15142807577083395,
  "p_duty": 0.17970825631564424,
  "p_duty_ramp": 0.0031776932333781862,
  "p_repeat_speed": -0.6241530205126282,
  "p_pha_offset": 0.00417004894307123,
  "p_pha_ramp": -0.16349373238340986,
  "p_lpf_freq": 0.3820738267115238,
  "p_lpf_ramp": -0.9938515655166609,
  "p_lpf_resonance": -0.4237526451269895,
  "p_hpf_freq": 0.3857044345152626,
  "p_hpf_ramp": 0.836855430865282,
  "sound_vol": 0.25,
  "sample_rate": 44100,
  "sample_size": 8
}
