{
  "oldParams": true,
  "wave_type": 2,
  "p_env_attack": 0.004539954990596368,
  "p_env_sustain": 0.029606986806610988,
  "p_env_punch": 0.13772390011340507,
  "p_env_decay": 0.3785278612179519,
  "p_base_freq": -0.4703374646688221,
  "p_freq_limit": 0,
  "p_freq_ramp": 0.9266479675750143,
  "p_freq_dramp": -0.002641641377558789,
  "p_vib_strength": 0.24346046315432682,
  "p_vib_speed": 0.32598796759804594,
  "p_arp_mod": -0.5602682479188845,
  "p_arp_speed": -0.039866078269998884,
  "p_duty": -0.7834979325712661,
  "p_duty_ramp": 0.14433707284553182,
  "p_repeat_speed": 0.0715692731323867,
  "p_pha_offset": 0.2124743533155584,
  "p_pha_ramp": -0.01084710383825644,
  "p_lpf_freq": 0.9898247321744794,
  "p_lpf_ramp": -0.01081430724241753,
  "p_lpf_resonance": 0.8546562003079659,
  "p_hpf_freq": 0.5251881666839272,
  "p_hpf_ramp": 0.0017783441630405256,
  "sound_vol": 0.25,
  "sample_rate": 44100,
  "sample_size": 8
}
